0.018455
0.019410
0.037643
0.018319
0.035037
0.018726
0.034668
0.019545
0.037478
0.017133
0.032795
0.016398
0.016498
0.032025
0.015683
0.033281
0.016239
0.015800
0.034923
0.016154
0.035428
0.017174
0.034890
0.017489
0.016716
0.035558
0.017159
0.035006
0.016226
0.017866
0.035967
0.016106
0.032958
0.015714
0.032083
0.016404
0.016182
0.032707
0.015614
0.034642
0.015159
0.015611
0.030670
0.014865
0.030525
0.015207
0.032229
0.016776
0.016325
0.033497
0.015973
0.031819
0.015321
0.015777
0.032352
0.015178
0.030577
0.015329
0.030231
0.016753
0.016713
0.031879
0.014778
0.032525
0.015090
0.016155
0.032423
0.014195
0.030555
0.016131
0.031568
0.017618
0.016218
0.031407
0.016020
0.030407
0.015394
0.014824
0.031125
0.015640
0.030938
0.016331
0.031510
0.015442
0.015602
0.030798
0.015564
0.031015
0.015251
0.015237
0.030959
0.014674
0.031360
0.015484
0.030758
0.015890
0.015279
0.030352
0.015241
0.030763
