3.765221
2.952430
3.065647
3.200846
3.061888
3.158093
3.065830
3.093855
3.374042
3.179062
3.084477
3.061731
3.090062
3.089579
3.181848
3.158013
3.109390
3.121256
3.087516
3.077011
3.067562
3.025195
3.054481
3.069080
3.097466
3.003322
2.979253
2.930905
3.022807
3.046621
2.986297
2.969177
3.022763
3.080219
3.245703
3.139230
3.123141
3.043332
2.969569
2.965019
2.948319
2.963363
2.970474
3.022693
3.149338
3.221978
3.480080
3.144263
2.858021
2.787351
2.822817
2.798171
2.823865
2.809079
2.778863
2.806080
2.827741
2.775745
2.773969
2.789947
2.815148
2.781207
2.797947
2.761179
2.782526
2.794261
2.772399
2.836036
2.781263
2.767905
2.784845
2.864853
3.280877
3.255035
2.996681
3.270209
2.949283
2.933561
2.988313
2.908731
2.960194
2.963257
2.985339
2.988703
2.997215
3.035216
2.949260
3.014530
3.073060
3.024943
3.130026
3.268007
3.098575
3.174599
3.220565
3.173255
3.107527
3.092212
3.010556
2.992983
