0.00074005
0.00063109
0.00059295
0.00059104
0.00058293
0.00058603
0.00058198
0.00058603
0.00058389
0.00059891
0.00058794
0.00058389
0.00058794
0.00058699
0.00058198
0.00061393
0.00058389
0.00060201
0.00058699
0.00058603
0.00059009
0.00060201
0.00058293
0.00057793
0.00057697
0.00059700
0.00058889
0.00058484
0.00058413
0.00060010
0.00057983
0.00058508
0.00059319
0.00060511
0.00058603
0.00059605
0.00058103
0.00058293
0.00059009
0.00058317
0.00057912
0.00059104
0.00057316
0.00059199
0.00057507
0.00058007
0.00212598
0.00056386
0.00057507
0.00058794
0.00057101
0.00057602
0.00058198
0.00059605
0.00058699
0.00058794
0.00056601
0.00055599
0.00054884
0.00058103
0.00058007
0.00056601
0.00057888
0.00057197
0.00057197
0.00057220
0.00057101
0.00057101
0.00057411
0.00057888
0.00058007
0.00056815
0.00057817
0.00056815
0.00056720
0.00062418
0.00057507
0.00058103
0.00056887
0.00057292
0.00057602
0.00057983
0.00057101
0.00057507
0.00056887
0.00056911
0.00057411
0.00057006
0.00057197
0.00059795
0.00057817
0.00057101
0.00057197
0.00057387
0.00058508
0.00057793
0.00058794
0.00059199
0.00059104
0.00057793
