2.319582
2.436734
2.352084
2.304636
2.332884
2.311676
2.359973
2.397805
2.414411
2.374143
2.336836
2.347858
2.390438
2.375367
2.334918
2.326827
2.337939
2.376655
2.356660
2.389086
2.370084
2.343945
2.349401
2.380115
2.369153
2.336220
2.323943
2.356387
2.373405
2.348597
2.381810
2.328327
2.401808
2.390542
2.323739
2.305762
2.325522
2.399342
2.329823
2.338508
2.358617
2.391742
2.350551
2.392191
2.479942
2.468940
2.366421
2.325649
2.334919
2.356256
2.324387
2.326779
2.315137
2.368482
2.354930
2.406669
2.404668
2.438974
2.428358
2.329484
2.384909
2.369789
2.366948
2.351353
2.366141
2.350045
2.364340
2.355242
2.355140
2.390790
2.453260
2.418695
2.367148
2.351399
2.361043
2.385496
2.370426
2.375225
2.364524
2.360410
2.363940
2.391783
2.434177
2.432878
2.378327
2.345299
2.360813
2.356192
2.349608
2.353238
2.342881
2.352120
2.332204
2.371665
2.450672
2.433060
2.400304
2.361354
2.358639
2.379917
